Answer count:413
132978645597624813648153297251739468486215379379486152725361984814592736963847521
132978645597624813648153297251739468486512379379486152725361984814295736963847521
132978645597624813648153297281735469456219378379486152725361984814592736963847521
132978645597624813648153297281735964456219378379486152725361489814592736963847521
132978645597624813648153297281735964456219378379486152725391486814562739963847521
132978645597624813648153297289735164456219378371486952725361489814592736963847521
132978645597624813648153297289735164456219378371486952725391486814562739963847521
132978645597624813648153792289735164456219378371486259725391486814562937963847521
132978645597624813684153297218735469456219378379486152725361984841592736963847521
132978645597624813684153297218735964456219378379486152725361489841592736963847521
132978645597624813684153297218735964456219378379486152725391486841562739963847521
137298645592647813648153297251739468486512379379486152725361984814925736963874521
137298645592647813648153297281735469456912378379486152725361984814529736963874521
137298645592647813648153297281735964456912378379486152725361489814529736963874521
137298645592647813648153297289735164456912378371486952725361489814529736963874521
137298645592647813684153297218735469456912378379486152725361984841529736963874521
137298645592647813684153297218735469456912378379486152745321986821569734963874521
137298645592647813684153297218735964456912378379486152725361489841529736963874521
137298645592674813648153297251739468486512379379486152725361984814925736963847521
137298645592674813648153297281735469456912378379486152725361984814529736963847521
137298645592674813648153297281735964456912378379486152725361489814529736963847521
137298645592674813648153297289735164456912378371486952725361489814529736963847521
137298645592674813684153297218735469456912378379486152725361984841529736963847521
137298645592674813684153297218735469456912378379486152745321986821569734963847521
137298645592674813684153297218735964456912378379486152725361489841529736963847521
137928645592647813648153297251739468486215379379486152725361984814592736963874521
137928645592647813648153297251739468486512379379486152725361984814295736963874521
137928645592647813648153297281735469456219378379486152725361984814592736963874521
137928645592647813648153297281735964456219378379486152725361489814592736963874521
137928645592647813648153297281735964456219378379486152725391486814562739963874521
137928645592647813648153297289735164456219378371486952725361489814592736963874521
137928645592647813648153297289735164456219378371486952725391486814562739963874521
137928645592647813648153792289735164456219378371486259725391486814562937963874521
137928645592647813684153297218735469456219378379486152725361984841592736963874521
137928645592647813684153297218735964456219378379486152725361489841592736963874521
137928645592647813684153297218735964456219378379486152725391486841562739963874521
137928645592674813648153297251739468486215379379486152725361984814592736963847521
137928645592674813648153297251739468486512379379486152725361984814295736963847521
137928645592674813648153297281735469456219378379486152725361984814592736963847521
137928645592674813648153297281735964456219378379486152725361489814592736963847521
137928645592674813648153297281735964456219378379486152725391486814562739963847521
137928645592674813648153297289735164456219378371486952725361489814592736963847521
137928645592674813648153297289735164456219378371486952725391486814562739963847521
137928645592674813648153792289735164456219378371486259725391486814562937963847521
137928645592674813684153297218735469456219378379486152725361984841592736963847521
137928645592674813684153297218735964456219378379486152725361489841592736963847521
137928645592674813684153297218735964456219378379486152725391486841562739963847521
312978645597624813684153297258739164436215978179486352725361489841592736963847521
312978645597624813684153297258739164436215978179486352725391486841562739963847521
312978645597624813684153297258739164436512978179486352725361489841295736963847521
312978645597624813684153297258739164436512978179486352725391486841265739963847521
317298645592647813684153297258739164436512978179486352725361489841925736963874521
317298645592674813684153297258739164436512978179486352725361489841925736963847521
317928645592647813684153297258739164436215978179486352725361489841592736963874521
317928645592647813684153297258739164436215978179486352725391486841562739963874521
317928645592647813684153297258739164436512978179486352725361489841295736963874521
317928645592647813684153297258739164436512978179486352725391486841265739963874521
317928645592674813684153297258739164436215978179486352725361489841592736963847521
317928645592674813684153297258739164436215978179486352725391486841562739963847521
317928645592674813684153297258739164436512978179486352725361489841295736963847521
317928645592674813684153297258739164436512978179486352725391486841265739963847521
352978146197624853648153297281739465436215978579486312725391684814562739963847521
352978146197624853648153297281739465436215978579486321725391684814562739963847512
352978146197624853648153297281739465436512978579486312725391684814265739963847521
352978146197624853648153297281739465436512978579486321725391684814265739963847512
352978146197624853648153729281739465436215978579486231725391684814562397963847512
352978146197624853648153729281739465436215978579486231725391684814567392963842517
352978146197624853648153729281739465436512978579486231725391684814265397963847512
352978146197624853648153792281739465436215978579486231725391684814567329963842517
352978146197624853648153792281739465436215978579486321725391684814567239963842517
352978146197624853684153297218739465436215978579486312725391684841562739963847521
352978146197624853684153297218739465436215978579486321725391684841562739963847512
352978146197624853684153297218739465436512978579486312725391684841265739963847521
352978146197624853684153297218739465436512978579486321725391684841265739963847512
352978146197624853684153729218739465436215978579486231725391684841562397963847512
352978146197624853684153729218739465436215978579486231725391684841567392963842517
352978146197624853684153729218739465436215978579486231745391682821567394963842517
352978146197624853684153729218739465436512978579486231725391684841265397963847512
352978146197624853684153792218739465436215978579486231725391684841567329963842517
352978146197624853684153792218739465436215978579486321725391684841567239963842517
352978146197624853684153792218739465436215978579486321745361289821597634963842517
352978146197642853648153729281739465436215978579486231725391684814567392963824517
352978146197642853648153792281734965436519278579286431725461389814395627963827514
352978146197642853648153792281739465436215978579486231725391684814567329963824517
352978146197642853648153792281739465436215978579486321725391684814567239963824517
352978146197642853684153297218739465436215978579486321745391682821564739963827514
352978146197642853684153729218734965436519278579286431745391682821465397963827514
352978146197642853684153729218739465436215978579486231725391684841567392963824517
352978146197642853684153729218739465436215978579486231745391682821564397963827514
352978146197642853684153729218739465436215978579486231745391682821567394963824517
352978146197642853684153792218734965436519278579286431725461389841395627963827514
352978146197642853684153792218739465436215978579486231725391684841567329963824517
352978146197642853684153792218739465436215978579486321725391684841567239963824517
352978146197642853684153792218739465436215978579486321745361289821594637963827514
352978146197642853684153792218739465436215978579486321745361289821597634963824517
352978641197624853684153729218739465436215978579486132745391286821567394963842517
352978641197642853648153792289734165436519278571286439725491386814365927963827514
352978641197642853648153927289734165436519278571286439725491386814365792963827514
352978641197642853684153729218739465436215978579486132745391286821564397963827514
352978641197642853684153729218739465436215978579486132745391286821567394963824517
357298146192647853648153729281739465436512978579486231725961384814325697963874512
357298146192647853648153729281739465436512978579486231725961384814375692963824517
357298146192647853648153792281739465436512978579486231725961384814375629963824517
357298146192647853684153297218739465436512978579486312745321689821965734963874521
357298146192647853684153297218739465436512978579486321745321689821965734963874512
357298146192647853684153729218739465436512978579486231725961384841325697963874512
357298146192647853684153729218739465436512978579486231725961384841375692963824517
357298146192647853684153729218739465436512978579486231745961382821375694963824517
357298146192647853684153792218739465436512978579486231725961384841375629963824517
357298146192647853684153792218739465436512978579486321745361289821975634963824517
357298146192674853648153297281739465436512978579486321725341689814965732963827514
357298146192674853648153729281739465436512978579486231725961384814325697963847512
357298146192674853648153792281739465436512978579486231725341689814965327963827514
357298146192674853648153792281739465436512978579486321725341689814965237963827514
357298146192674853684153297218739465436512978579486312745321689821965734963847521
357298146192674853684153297218739465436512978579486321725341689841965732963827514
357298146192674853684153297218739465436512978579486321745321689821965734963847512
357298146192674853684153729218739465436512978579486231725961384841325697963847512
357298146192674853684153729218739465436512978579486231745961382821345697963827514
357298146192674853684153792218739465436512978579486231725341689841965327963827514
357298146192674853684153792218739465436512978579486321725341689841965237963827514
357298146192674853684153792218739465436512978579486321745361289821945637963827514
357298641192647853648153729281739465436512978579486132725961384814375296963824517
357298641192647853684153729218739465436512978579486132725961384841375296963824517
357298641192674853648153297281739465436512978579486132725941386814365729963827514
357298641192674853648153729281739465436512978579486132725941386814365297963827514
357298641192674853684153297218739465436512978579486132725941386841365729963827514
357298641192674853684153729218739465436512978579486132725941386841365297963827514
357928146192647853648153297281739465436215978579486312725391684814562739963874521
357928146192647853648153297281739465436215978579486321725391684814562739963874512
357928146192647853648153297281739465436512978579486312725391684814265739963874521
357928146192647853648153297281739465436512978579486321725391684814265739963874512
357928146192647853648153729281739465436215978579486231725391684814562397963874512
357928146192647853648153729281739465436512978579486231725391684814265397963874512
357928146192647853648153792281734965436519278579286431725461389814395627963872514
357928146192647853684153297218739465436215978579486312725391684841562739963874521
357928146192647853684153297218739465436215978579486321725391684841562739963874512
357928146192647853684153297218739465436215978579486321745391682821564739963872514
357928146192647853684153297218739465436512978579486312725391684841265739963874521
357928146192647853684153297218739465436512978579486321725391684841265739963874512
357928146192647853684153729218734965436519278579286431745391682821465397963872514
357928146192647853684153729218739465436215978579486231725391684841562397963874512
357928146192647853684153729218739465436215978579486231745391682821564397963872514
357928146192647853684153729218739465436512978579486231725391684841265397963874512
357928146192647853684153792218734965436519278579286431725461389841395627963872514
357928146192647853684153792218739465436215978579486321745361289821594637963872514
357928146192674853648153297281739465436215978579486312725391684814562739963847521
357928146192674853648153297281739465436215978579486321725391684814562739963847512
357928146192674853648153297281739465436512978579486312725391684814265739963847521
357928146192674853648153297281739465436512978579486321725391684814265739963847512
357928146192674853648153729281739465436215978579486231725391684814562397963847512
357928146192674853648153729281739465436215978579486231725391684814567392963842517
357928146192674853648153729281739465436512978579486231725391684814265397963847512
357928146192674853648153792281739465436215978579486231725391684814567329963842517
357928146192674853648153792281739465436215978579486321725391684814567239963842517
357928146192674853684153297218739465436215978579486312725391684841562739963847521
357928146192674853684153297218739465436215978579486321725391684841562739963847512
357928146192674853684153297218739465436512978579486312725391684841265739963847521
357928146192674853684153297218739465436512978579486321725391684841265739963847512
357928146192674853684153729218739465436215978579486231725391684841562397963847512
357928146192674853684153729218739465436215978579486231725391684841567392963842517
357928146192674853684153729218739465436215978579486231745391682821567394963842517
357928146192674853684153729218739465436512978579486231725391684841265397963847512
357928146192674853684153792218739465436215978579486231725391684841567329963842517
357928146192674853684153792218739465436215978579486321725391684841567239963842517
357928146192674853684153792218739465436215978579486321745361289821597634963842517
357928641192647853648153792289734165436519278571286439725491386814365927963872514
357928641192647853648153927289734165436519278571286439725491386814365792963872514
357928641192647853684153729218739465436215978579486132745391286821564397963872514
357928641192674853684153729218739465436215978579486132745391286821567394963842517
371298645592647813648153297289735164456912378137486952725361489814529736963874521
371298645592674813648153297289735164456912378137486952725361489814529736963847521
371928645592647813648153297289735164456219378137486952725361489814592736963874521
371928645592647813648153297289735164456219378137486952725391486814562739963874521
371928645592647813648153792289735164456219378137486259725391486814562937963874521
371928645592674813648153297289735164456219378137486952725361489814592736963847521
371928645592674813648153297289735164456219378137486952725391486814562739963847521
371928645592674813648153792289735164456219378137486259725391486814562937963847521
532978146197624853648153297289735461456219378371486925725391684814562739963847512
532978146197624853648153729289735461456219378371486295725361984814592637963847512
532978146197624853648153729289735461456219378371486295725361984814597632963842517
532978146197624853648153729289735461456219378371486295725391684814562937963847512
532978146197624853648153729289735461456219378371486295725391684814567932963842517
532978146197624853648153792251739468486215379379486215725361984814592637963847521
532978146197624853648153792251739468486215379379486215725391684814562937963847521
532978146197624853648153792251739468486512379379486215725361984814295637963847521
532978146197624853648153792251739468486512379379486215725391684814265937963847521
532978146197624853648153792281735469456219378379486215725361984814592637963847521
532978146197624853648153792281735469456219378379486215725391684814562937963847521
532978146197624853648153792281735964456219378379486215725361489814592637963847521
532978146197624853648153792289735461456219378371486925725391684814567239963842517
532978146197624853648153927289735461456219378371486295725391684814562739963847512
532978146197624853684153792218735469456219378379486215725361984841592637963847521
532978146197624853684153792218735469456219378379486215725391684841562937963847521
532978146197624853684153792218735964456219378379486215725361489841592637963847521
532978146197642853648153729289735461456219378371486295725361984814597632963824517
532978146197642853648153729289735461456219378371486295725391684814567932963824517
532978146197642853648153792289735461456219378371486925725391684814567239963824517
532978146197642853684153297218734965456219378379586421745391682821465739963827514
532978146197642853684153792218734965456219378379586421745361289821495637963827514
532978641197624853648153297251739468486215379379486125725361984814592736963847512
532978641197624853648153297251739468486512379379486125725361984814295736963847512
532978641197624853648153297281735469456219378379486125725361984814592736963847512
532978641197624853648153297281735964456219378379486125725361489814592736963847512
532978641197624853648153297281735964456219378379486125725391486814562739963847512
532978641197624853648153297289735164456219378371486925725361489814592736963847512
532978641197624853648153297289735164456219378371486925725391486814562739963847512
532978641197624853648153729289735164456219378371486295725391486814562937963847512
532978641197624853648153729289735164456219378371486295725391486814567932963842517
532978641197624853648153792251739468486215379379486125725361984814597236963842517
532978641197624853648153792281735469456219378379486125725361984814597236963842517
532978641197624853648153792281735964456219378379486125725361489814597236963842517
532978641197624853648153792281735964456219378379486125725391486814567239963842517
532978641197624853648153792289735164456219378371486925725361489814597236963842517
532978641197624853648153792289735164456219378371486925725391486814567239963842517
532978641197624853648153927289735164456219378371486295725361489814592736963847512
532978641197624853648153927289735164456219378371486295725391486814562739963847512
532978641197624853684153297218735469456219378379486125725361984841592736963847512
532978641197624853684153297218735964456219378379486125725361489841592736963847512
532978641197624853684153297218735964456219378379486125725391486841562739963847512
532978641197624853684153792218735469456219378379486125725361984841597236963842517
532978641197624853684153792218735469456219378379486125745391286821567934963842517
532978641197624853684153792218735964456219378379486125725361489841597236963842517
532978641197624853684153792218735964456219378379486125725391486841567239963842517
532978641197624853684153792218735964456219378379486125745361289821597436963842517
532978641197624853684153792218735964456219378379486125745391286821567439963842517
532978641197642853648153729289735164456219378371486295725391486814567932963824517
532978641197642853648153792251739468486215379379486125725361984814597236963824517
532978641197642853648153792281735469456219378379486125725361984814597236963824517
532978641197642853648153792281735964456219378379486125725361489814597236963824517
532978641197642853648153792281735964456219378379486125725391486814567239963824517
532978641197642853648153792289735164456219378371486925725361489814597236963824517
532978641197642853648153792289735164456219378371486925725391486814567239963824517
532978641197642853684153297218735469456219378379486125745361982821594736963827514
532978641197642853684153792218735469456219378379486125725361984841597236963824517
532978641197642853684153792218735469456219378379486125745391286821564937963827514
532978641197642853684153792218735469456219378379486125745391286821567934963824517
532978641197642853684153792218735964456219378379486125725361489841597236963824517
532978641197642853684153792218735964456219378379486125725391486841567239963824517
532978641197642853684153792218735964456219378379486125745361289821597436963824517
532978641197642853684153792218735964456219378379486125745391286821567439963824517
537298146192647853648153729289735461456912378371486295725361984814529637963874512
537298146192647853648153729289735461456912378371486295725361984814579632963824517
537298146192647853648153792251739468486512379379486215725361984814925637963874521
537298146192647853648153792281735469456912378379486215725361984814529637963874521
537298146192647853648153792281735964456912378379486215725361489814529637963874521
537298146192647853684153792218735469456912378379486215725361984841529637963874521
537298146192647853684153792218735964456912378379486215725361489841529637963874521
537298146192647853684153792218735964456912378379486215745321689821569437963874521
537298146192674853648153297289735461456912378371486925725341689814569732963827514
537298146192674853648153729289735461456912378371486295725361984814529637963847512
537298146192674853648153792251739468486512379379486215725361984814925637963847521
537298146192674853648153792281735469456912378379486215725361984814529637963847521
537298146192674853648153792281735964456912378379486215725361489814529637963847521
537298146192674853648153792289735461456912378371486925725341689814569237963827514
537298146192674853648153927289735461456912378371486295725341689814569732963827514
537298146192674853684153792218735469456912378379486215725361984841529637963847521
537298146192674853684153792218735964456912378379486215725361489841529637963847521
537298146192674853684153792218735964456912378379486215745321689821569437963847521
537298641192647853648153297251739468486512379379486125725361984814925736963874512
537298641192647853648153297281735469456912378379486125725361984814529736963874512
537298641192647853648153297281735964456912378379486125725361489814529736963874512
537298641192647853648153297289735164456912378371486925725361489814529736963874512
537298641192647853648153792251739468486512379379486125725361984814975236963824517
537298641192647853648153792281735469456912378379486125725361984814579236963824517
537298641192647853648153792281735964456912378379486125725361489814579236963824517
537298641192647853648153792289735164456912378371486925725361489814579236963824517
537298641192647853648153927289735164456912378371486295725361489814529736963874512
537298641192647853684153297218735469456912378379486125725361984841529736963874512
537298641192647853684153297218735469456912378379486125745321986821569734963874512
537298641192647853684153297218735964456912378379486125725361489841529736963874512
537298641192647853684153792218735469456912378379486125725361984841579236963824517
537298641192647853684153792218735964456912378379486125725361489841579236963824517
537298641192647853684153792218735964456912378379486125745361289821579436963824517
537298641192674853648153297251739468486512379379486125725341986814965732963827514
537298641192674853648153297251739468486512379379486125725361984814925736963847512
537298641192674853648153297281735469456912378379486125725341986814569732963827514
537298641192674853648153297281735469456912378379486125725361984814529736963847512
537298641192674853648153297281735964456912378379486125725361489814529736963847512
537298641192674853648153297289735164456912378371486925725361489814529736963847512
537298641192674853648153792251739468486512379379486125725341986814965237963827514
537298641192674853648153792281735469456912378379486125725341986814569237963827514
537298641192674853648153927289735164456912378371486295725361489814529736963847512
537298641192674853684153297218735469456912378379486125725341986841569732963827514
537298641192674853684153297218735469456912378379486125725361984841529736963847512
537298641192674853684153297218735469456912378379486125745321986821569734963847512
537298641192674853684153297218735469456912378379486125745361982821549736963827514
537298641192674853684153297218735964456912378379486125725361489841529736963847512
537298641192674853684153792218735469456912378379486125725341986841569237963827514
537928146192647853648153297289735461456219378371486925725391684814562739963874512
537928146192647853648153729289735461456219378371486295725361984814592637963874512
537928146192647853648153729289735461456219378371486295725391684814562937963874512
537928146192647853648153792251739468486215379379486215725361984814592637963874521
537928146192647853648153792251739468486215379379486215725391684814562937963874521
537928146192647853648153792251739468486512379379486215725361984814295637963874521
537928146192647853648153792251739468486512379379486215725391684814265937963874521
537928146192647853648153792281735469456219378379486215725361984814592637963874521
537928146192647853648153792281735469456219378379486215725391684814562937963874521
537928146192647853648153792281735964456219378379486215725361489814592637963874521
537928146192647853648153927289735461456219378371486295725391684814562739963874512
537928146192647853684153297218734965456219378379586421745391682821465739963872514
537928146192647853684153792218734965456219378379586421745361289821495637963872514
537928146192647853684153792218735469456219378379486215725361984841592637963874521
537928146192647853684153792218735469456219378379486215725391684841562937963874521
537928146192647853684153792218735964456219378379486215725361489841592637963874521
537928146192674853648153297289735461456219378371486925725391684814562739963847512
537928146192674853648153729289735461456219378371486295725361984814592637963847512
537928146192674853648153729289735461456219378371486295725361984814597632963842517
537928146192674853648153729289735461456219378371486295725391684814562937963847512
537928146192674853648153729289735461456219378371486295725391684814567932963842517
537928146192674853648153792251739468486215379379486215725361984814592637963847521
537928146192674853648153792251739468486215379379486215725391684814562937963847521
537928146192674853648153792251739468486512379379486215725361984814295637963847521
537928146192674853648153792251739468486512379379486215725391684814265937963847521
537928146192674853648153792281735469456219378379486215725361984814592637963847521
537928146192674853648153792281735469456219378379486215725391684814562937963847521
537928146192674853648153792281735964456219378379486215725361489814592637963847521
537928146192674853648153792289735461456219378371486925725391684814567239963842517
537928146192674853648153927289735461456219378371486295725391684814562739963847512
537928146192674853684153792218735469456219378379486215725361984841592637963847521
537928146192674853684153792218735469456219378379486215725391684841562937963847521
537928146192674853684153792218735964456219378379486215725361489841592637963847521
537928641192647853648153297251739468486215379379486125725361984814592736963874512
537928641192647853648153297251739468486512379379486125725361984814295736963874512
537928641192647853648153297281735469456219378379486125725361984814592736963874512
537928641192647853648153297281735964456219378379486125725361489814592736963874512
537928641192647853648153297281735964456219378379486125725391486814562739963874512
537928641192647853648153297289735164456219378371486925725361489814592736963874512
537928641192647853648153297289735164456219378371486925725391486814562739963874512
537928641192647853648153729289735164456219378371486295725391486814562937963874512
537928641192647853648153927289735164456219378371486295725361489814592736963874512
537928641192647853648153927289735164456219378371486295725391486814562739963874512
537928641192647853684153297218735469456219378379486125725361984841592736963874512
537928641192647853684153297218735469456219378379486125745361982821594736963872514
537928641192647853684153297218735964456219378379486125725361489841592736963874512
537928641192647853684153297218735964456219378379486125725391486841562739963874512
537928641192647853684153792218735469456219378379486125745391286821564937963872514
537928641192674853648153297251739468486215379379486125725361984814592736963847512
537928641192674853648153297251739468486512379379486125725361984814295736963847512
537928641192674853648153297281735469456219378379486125725361984814592736963847512
537928641192674853648153297281735964456219378379486125725361489814592736963847512
537928641192674853648153297281735964456219378379486125725391486814562739963847512
537928641192674853648153297289735164456219378371486925725361489814592736963847512
537928641192674853648153297289735164456219378371486925725391486814562739963847512
537928641192674853648153729289735164456219378371486295725391486814562937963847512
537928641192674853648153729289735164456219378371486295725391486814567932963842517
537928641192674853648153792251739468486215379379486125725361984814597236963842517
537928641192674853648153792281735469456219378379486125725361984814597236963842517
537928641192674853648153792281735964456219378379486125725361489814597236963842517
537928641192674853648153792281735964456219378379486125725391486814567239963842517
537928641192674853648153792289735164456219378371486925725361489814597236963842517
537928641192674853648153792289735164456219378371486925725391486814567239963842517
537928641192674853648153927289735164456219378371486295725361489814592736963847512
537928641192674853648153927289735164456219378371486295725391486814562739963847512
537928641192674853684153297218735469456219378379486125725361984841592736963847512
537928641192674853684153297218735964456219378379486125725361489841592736963847512
537928641192674853684153297218735964456219378379486125725391486841562739963847512
537928641192674853684153792218735469456219378379486125725361984841597236963842517
537928641192674853684153792218735469456219378379486125745391286821567934963842517
537928641192674853684153792218735964456219378379486125725361489841597236963842517
537928641192674853684153792218735964456219378379486125725391486841567239963842517
537928641192674853684153792218735964456219378379486125745361289821597436963842517
537928641192674853684153792218735964456219378379486125745391286821567439963842517
652378149197642853348159627281734965436915278579286431725491386814563792963827514
652378149197642853384159627218734965436915278579286431725491386841563792963827514
652378941197642853348159627289734165436915278571286439725491386814563792963827514
652398147194627853387154629218739465436215978579486231725941386841563792963872514
652398147194627853387154629218739465436215978579486231745961382821543796963872514
652398147194627853387154692218739465436215978579486231725941386841563729963872514
652398147194672853387154629218739465436215978579486231725941386841563792963827514
652398147194672853387154629218739465436215978579486231725961384841523796963847512
652398147194672853387154629218739465436215978579486231745921386821563794963847512
652398147194672853387154629218739465436215978579486231745961382821543796963827514
652398147194672853387154692218739465436215978579486231725941386841563729963827514
652398147197624853348157629281739465436215978579486231725941386814563792963872514
652398147197624853348157692281739465436215978579486231725941386814563729963872514
652398147197624853384157629218739465436215978579486231725941386841563792963872514
652398147197624853384157629218739465436215978579486231745961382821543796963872514
652398147197624853384157692218739465436215978579486231725941386841563729963872514
652398147197642853348157629281739465436215978579486231725961384814523796963874512
652398147197642853384157629218739465436215978579486231725961384841523796963874512
652398147197642853384157629218739465436215978579486231745921386821563794963874512
652398741194627853387154296218739465436215978579486132725961384841573629963842517
652398741194627853387154629218739465436215978579486132725941386841563297963872514
652398741194627853387154629218739465436215978579486132725961384841573296963842517
652398741194672853387154629218739465436215978579486132725941386841563297963827514
652398741197624853348157296281739465436215978579486132725961384814573629963842517
652398741197624853348157629281739465436215978579486132725941386814563297963872514
652398741197624853348157629281739465436215978579486132725961384814573296963842517
652398741197624853384157296218739465436215978579486132725961384841573629963842517
652398741197624853384157629218739465436215978579486132725941386841563297963872514
652398741197624853384157629218739465436215978579486132725961384841573296963842517
652398741197642853348157296281739465436215978579486132725961384814573629963824517
652398741197642853348157629281739465436215978579486132725961384814573296963824517
652398741197642853384157296218739465436215978579486132725961384841573629963824517
652398741197642853384157629218739465436215978579486132725961384841573296963824517
657328149192647853348159627281734965436915278579286431725491386814563792963872514
657328149192647853384159627218734965436915278579286431725491386841563792963872514
657328941192647853348159627289734165436915278571286439725491386814563792963872514
657398142192647853348152796281739465436215978579486231725961384814573629963824517
657398142192647853384152796218739465436215978579486231725961384841573629963824517
657398142192674853348152697281739465436215978579486231725941386814563729963827514
657398142192674853384152697218739465436215978579486231725941386841563729963827514
657398142194627853382154697218739465436215978579486231725941386841563729963872514
657398142194627853382154796218739465436215978579486231725961384841573629963842517
657398142194672853382154697218739465436215978579486231725941386841563729963827514
657398241192647853348152796281739465436215978579486132725961384814573629963824517
657398241192647853384152796218739465436215978579486132725961384841573629963824517
657398241192674853348152697281739465436215978579486132725941386814563729963827514
657398241192674853384152697218739465436215978579486132725941386841563729963827514
657398241194627853382154697218739465436215978579486132725941386841563729963872514
657398241194627853382154796218739465436215978579486132725961384841573629963842517
657398241194672853382154697218739465436215978579486132725941386841563729963827514
