Answer count: beyond 500
326579184479138256581426739135264978962785341847391562754812693298653417613947825
326579184479138256581426739135264978962785341847913625714652893298341567653897412
326579184479138256581426739135294678962785341847613925714862593298351467653947812
326579184479138256581426739135642978962785341847913562754261893298354617613897425
326579184479138256581426739145263978932785641867914325714652893298341567653897412
326579184479138256581426739145263978932785641867941325714652893298314567653897412
326579184479138256581426739145263978962785341837914625714652893298341567653897412
326579184479138256581426739145263978962785341837941562754612893298354617613897425
326579184479138256581426739145263978962785341837941625714652893298314567653897412
326579184479138256581426739145293678962785341837614925714862593298351467653947812
326579184479138256581426739145693872962785341837241965714852693298364517653917428
326579184479138256581426739145693872962785341837241965714862593298354617653917428
326579184479138256581426739145693872962785341837241965754812693298364517613957428
326579184479138256581426739153264978962785341847391562715842693298653417634917825
326579184479138256581426739153264978962785341847913625714652893298341567635897412
326579184479138256581426739153264978962785341847913625715642893298351467634897512
326579184479138256581426739153294678962785341847613925714862593298351467635947812
326579184479138256581426739153294678962785341847613925715862493298341567634957812
326579184479138256581426739153642978962785341847913625715264893298351467634897512
326579184479138256581426739153942678962785341847613925715264893298351467634897512
326579184479138256581426739154263978932785641867914325715642893298351467643897512
326579184479138256581426739154263978962785341837914625715642893298351467643897512
326579184479138256581426739154263978962785341837941562745612893298354617613897425
326579184479138256581426739154293678962785341837614925715862493298341567643957812
326579184479138256581426739154293678962785341837641925715862493298314567643957812
326579184479138256581426739154693872962785341837241965715862493298354617643917528
326579184479138256581426739154693872962785341837241965745812693298364517613957428
326579184479138256581426739165243978932785641847961325714652893298314567653897412
326579184479138256581426739165294378932785641847613925714862593298351467653947812
326579184479138256581426739245361978913785642867942315752614893198253467634897521
326579184479138256581426739245613978913785642867294315752861493198342567634957821
326579184479138256581426739245961378913785642867243915752614893198352467634897521
326579184479138256581426739245961378913785642867342915752614893198253467634897521
326579184479138256581426739254613978913785642867294315742861593198352467635947821
326579184479138256581426739265314978913785642847692315752861493198243567634957821
326579184479138256581426739265314978913785642847962315752641893198253467634897521
326579184479138256581426739265341978913785642847962315752614893198253467634897521
326579184479138256581426739265914378913785642847263915752641893198352467634897521
326579184479138256581426739265914378913785642847362915752641893198253467634897521
326579184479138256581426739265941378913785642847263915752614893198352467634897521
326579184479138256581426739265941378913785642847362915752614893198253467634897521
326579184479138256581426739814293567263785941957614328742851693198362475635947812
326579184479138256581426739814293675263785941957614328742861593198352467635947812
326579184479138256581426739814392567263785941957614328742851693198263475635947812
326579184479138256581426739814392675263785941957614328742861593198253467635947812
326579184479138256581426739814692375263785941957314628742861593198253467635947812
326579184479138256581426739814693527263785941957214368742851693198362475635947812
326579184479138256581426739814962375263785941957314628742651893198243567635897412
326579184479138256581426739814962375263785941957314862742851693198643527635297418
326579184479138256581426739814963527263785941957214368742651893198342675635897412
326579184479138256581426739814963527263785941957241368745612893198354672632897415
326579184479138256581426739814963572263785941957241368745612893198354627632897415
326579184479138256581426739815294367263785941947361528754812693198653472632947815
326579184479138256581426739815294367263785941947361825754812693198643572632957418
326579184479138256581426739815294367263785941947361825754812693198653472632947518
326579184479138256581426739815294367263785941947613528752841693198362475634957812
326579184479138256581426739815294367263785941947613528752861493198342675634957812
326579184479138256581426739815694327263785941947213568752841693198362475634957812
326579184479138256581426739815694327263785941947213568752861493198342675634957812
326579184479138256581426739815694327263785941947312568752841693198263475634957812
326579184479138256581426739815694327263785941947312568752861493198243675634957812
326579184479138256581426739815942367263785941947361528752814693198653472634297815
326579184479138256581426739815942367263785941947361825752814693198653472634297518
326579184479138256581426739815942367263785941947613528752861493198354672634297815
326579184479138256581426739815942367263785941947613528754261893198354672632897415
326579184479138256581426739815942367263785941947613825752861493198354672634297518
326579184479138256581426739815964327263785941947312568752841693198653472634297815
326579184479138256581426739815964327263785941947312865752841693198653472634297518
326579184479138256581426739815964372263785941947312568752841693198653427634297815
326579184479138256581426739815964372263785941947312865752841693198653427634297518
326579184479138256581426739834261975962785341157394862715842693298653417643917528
326579184479138256581426739834261975962785341157394862745812693298643517613957428
326579184479138256581426739834261975962785341157394862745812693298653417613947528
326579184479138256581426739834291567962785341157364928715842693298613475643957812
326579184479138256581426739834291567962785341157643928715862493298314675643957812
326579184479138256581426739834291675962785341157643928715862493298314567643957812
326579184479138256581426739834612975962785341157943628715264893298351467643897512
326579184479138256581426739834691527962785341157243968715862493298314675643957812
326579184479138256581426739834691572962785341157243968715862493298354617643917825
326579184479138256581426739834791562162385947957264318715842693298613475643957821
326579184479138256581426739834791562162385947957264318715842693298653471643917825
326579184479138256581426739834791562162385947957264318745812693298653471613947825
326579184479138256581426739834912675962785341157643928715264893298351467643897512
326579184479138256581426739834961572962785341157243968745612893298354617613897425
326579184479138256581426739835214967962785341147693528714852693298361475653947812
326579184479138256581426739835214967962785341147963528714652893298341675653897412
326579184479138256581426739835241967962785341147963528714652893298314675653897412
326579184479138256581426739835614927962785341147293568714852693298361475653947812
326579184479138256581426739835641972962785341147293865714852693298364517653917428
326579184479138256581426739835641972962785341147293865714862593298354617653917428
326579184479138256581426739835641972962785341147293865754812693298364517613957428
326579184479138256581426739835714962162985347947263518714652893298341675653897421
326579184479138256581426739835741962162985347947263518714652893298314675653897421
326579184479138256581426739835741962162985347947263518754612893298354671613897425
326579184479138256581426739835764912162985347947213568714652893298341675653897421
326579184479138256581426739835764921162985347947213568714652893298341675653897412
326579184479138256581426739842391567163785942957264318714852693298613475635947821
326579184479138256581426739842391567163785942957264318715842693298613475634957821
326579184479138256581426739842391567163785942957264318715842693298653471634917825
326579184479138256581426739842691375163785942957243618715862493298314567634957821
326579184479138256581426739842691375163785942957243861714852693298364517635917428
326579184479138256581426739842691375163785942957243861714862593298354617635917428
326579184479138256581426739842691375163785942957243861715862493298354617634917528
326579184479138256581426739842693517163785942957214368714852693298361475635947821
326579184479138256581426739842693517163785942957214368715842693298361475634957821
326579184479138256581426739842693517163785942957214368715862493298341675634957821
326579184479138256581426739842693517163785942957241368715862493298314675634957821
326579184479138256581426739842693517163785942957241368715862493298354671634917825
326579184479138256581426739842693571163785942957241368715862493298354617634917825
326579184479138256581426739842791365163285947957364812714852693298643571635917428
326579184479138256581426739842791365163285947957364812715842693298653471634917528
326579184479138256581426739842791365163285947957643812714852693298364571635917428
326579184479138256581426739842791365163285947957643812714862593298354671635917428
326579184479138256581426739842791365163285947957643812715862493298354671634917528
326579184479138256581426739842793561163285947957614328714852693298361475635947812
326579184479138256581426739842793561163285947957614328715842693298361475634957812
326579184479138256581426739842793561163285947957614328715862493298341675634957812
326579184479138256581426739842793561163285947957641328715862493298314675634957812
326579184479138256581426739842913567163785942957264318714652893298341675635897421
326579184479138256581426739842913675163785942957264318714652893298341567635897421
326579184479138256581426739842913675163785942957264318715642893298351467634897521
326579184479138256581426739842913675163785942957642318715264893298351467634897521
326579184479138256581426739842961375163785942957243618714652893298314567635897421
326579184479138256581426739842963517163785942957214368714652893298341675635897421
326579184479138256581426739842963517163785942957241368714652893298314675635897421
326579184479138256581426739843261975962785341157394862714852693298643517635917428
326579184479138256581426739843261975962785341157394862715842693298653417634917528
326579184479138256581426739843261975962785341157943628714652893298314567635897412
326579184479138256581426739843291567962785341157364928714852693298613475635947812
326579184479138256581426739843291567962785341157364928715842693298613475634957812
326579184479138256581426739843291567962785341157643928715862493298314675634957812
326579184479138256581426739843291675962785341157643928715862493298314567634957812
326579184479138256581426739843612975962785341157943628715264893298351467634897512
326579184479138256581426739843691527962785341157243968715862493298314675634957812
326579184479138256581426739843691572962785341157243968715862493298354617634917825
326579184479138256581426739843791562162385947957264318714852693298613475635947821
326579184479138256581426739843791562162385947957264318715842693298613475634957821
326579184479138256581426739843791562162385947957264318715842693298653471634917825
326579184479138256581426739843912675962785341157643928715264893298351467634897512
326579184479138256581426739843961527962785341157243968714652893298314675635897412
326579184479138256581426739845213967962785341137694528714852693298361475653947812
326579184479138256581426739845213967962785341137964528714652893298341675653897412
326579184479138256581426739845291367263785941917364528754812693198653472632947815
326579184479138256581426739845291367263785941917364825754812693198643572632957418
326579184479138256581426739845291367263785941917364825754812693198653472632947518
326579184479138256581426739845291367263785941917643528752814693198362475634957812
326579184479138256581426739845291367263785941917643825754812693198364572632957418
326579184479138256581426739845361927962785341137294568714852693298613475653947812
326579184479138256581426739845361972962785341137294568754812693298653417613947825
326579184479138256581426739845361972962785341137294865714852693298643517653917428
326579184479138256581426739845361972962785341137294865754812693298643517613957428
326579184479138256581426739845361972962785341137294865754812693298653417613947528
326579184479138256581426739845613927962785341137294568714852693298361475653947812
326579184479138256581426739845613972962785341137942568754261893298354617613897425
326579184479138256581426739845691327263785941917243568752814693198362475634957812
326579184479138256581426739845691327263785941917243865754812693198364572632957418
326579184479138256581426739845691327263785941917342568752814693198263475634957812
326579184479138256581426739845691372263785941917243865754812693198364527632957418
326579184479138256581426739845713962162985347937264518714652893298341675653897421
326579184479138256581426739845713962162985347937642518754261893298354671613897425
326579184479138256581426739845763912162985347937214568714652893298341675653897421
326579184479138256581426739845763912162985347937241568714652893298314675653897421
326579184479138256581426739845763912162985347937241568754612893298354671613897425
326579184479138256581426739845763921162985347937214568714652893298341675653897412
326579184479138256581426739845763921162985347937241568714652893298314675653897412
326579184479138256581426739845791362132685947967243815714852693298364571653917428
326579184479138256581426739845791362132685947967243815714862593298354671653917428
326579184479138256581426739845791362132685947967243815754812693298364571613957428
326579184479138256581426739845791362162385947937264518714852693298613475653947821
326579184479138256581426739845791362162385947937264518754812693298653471613947825
326579184479138256581426739845791362162385947937264815714852693298643571653917428
326579184479138256581426739845791362162385947937264815754812693298643571613957428
326579184479138256581426739845791362162385947937264815754812693298653471613947528
326579184479138256581426739845791362213685947967243518752814693198362475634957821
326579184479138256581426739845791362213685947967342518752814693198263475634957821
326579184479138256581426739845792361213685947967314528752841693198263475634957812
326579184479138256581426739845792361213685947967314528752861493198243675634957812
326579184479138256581426739845792361213685947967341528752814693198263475634957812
326579184479138256581426739845912367263785941917364528752841693198653472634297815
326579184479138256581426739845912367263785941917364825752841693198653472634297518
326579184479138256581426739845912367263785941917643528752861493198354672634297815
326579184479138256581426739845912367263785941917643528754261893198354672632897415
326579184479138256581426739845912367263785941917643825752861493198354672634297518
326579184479138256581426739845961327263785941917243568754612893198354672632897415
326579184479138256581426739845961327263785941917342568752814693198653472634297815
326579184479138256581426739845961327263785941917342865752814693198653472634297518
326579184479138256581426739845961372263785941917243568754612893198354627632897415
326579184479138256581426739845961372263785941917342568752814693198653427634297815
326579184479138256581426739845961372263785941917342865752814693198653427634297518
326579184479138256581426739852694317163785942947213568714852693298361475635947821
326579184479138256581426739852694317163785942947213568715842693298361475634957821
326579184479138256581426739852694317163785942947213568715862493298341675634957821
326579184479138256581426739852794361163285947947361528714852693298613475635947812
326579184479138256581426739852794361163285947947361528715842693298613475634957812
326579184479138256581426739852794361163285947947613528714852693298361475635947812
326579184479138256581426739852794361163285947947613528715842693298361475634957812
326579184479138256581426739852794361163285947947613528715862493298341675634957812
326579184479138256581426739852914367163785942947263518714652893298341675635897421
326579184479138256581426739852941367163785942947263518714652893298314675635897421
326579184479138256581426739852964317163785942947213568714652893298341675635897421
326579184479138256581426739853214967962785341147693528714852693298361475635947812
326579184479138256581426739853214967962785341147693528715842693298361475634957812
326579184479138256581426739853214967962785341147693528715862493298341675634957812
326579184479138256581426739853214967962785341147963528714652893298341675635897412
326579184479138256581426739853241967962785341147693528715862493298314675634957812
326579184479138256581426739853241967962785341147963528714652893298314675635897412
326579184479138256581426739853614927962785341147293568714852693298361475635947812
326579184479138256581426739853614927962785341147293568715842693298361475634957812
326579184479138256581426739853614927962785341147293568715862493298341675634957812
326579184479138256581426739853641927962785341147293568715862493298314675634957812
326579184479138256581426739853641972962785341147293568715862493298354617634917825
326579184479138256581426739853641972962785341147293865714852693298364517635917428
326579184479138256581426739853641972962785341147293865714862593298354617635917428
326579184479138256581426739853641972962785341147293865715862493298354617634917528
326579184479138256581426739853714962162985347947263518714652893298341675635897421
326579184479138256581426739853741962162985347947263518714652893298314675635897421
326579184479138256581426739853764912162985347947213568714652893298341675635897421
326579184479138256581426739853764921162985347947213568714652893298341675635897412
326579184479138256581426739854213967962785341137694528715842693298361475643957812
326579184479138256581426739854213967962785341137694528715862493298341675643957812
326579184479138256581426739854291367263785941917364528745812693198653472632947815
326579184479138256581426739854291367263785941917364825745812693198643572632957418
326579184479138256581426739854291367263785941917364825745812693198653472632947518
326579184479138256581426739854291367263785941917643825745812693198364572632957418
326579184479138256581426739854361927962785341137294568715842693298613475643957812
326579184479138256581426739854361972962785341137294568715842693298653417643917825
326579184479138256581426739854361972962785341137294568745812693298653417613947825
326579184479138256581426739854361972962785341137294865715842693298653417643917528
326579184479138256581426739854361972962785341137294865745812693298643517613957428
326579184479138256581426739854361972962785341137294865745812693298653417613947528
326579184479138256581426739854613927962785341137294568715842693298361475643957812
326579184479138256581426739854613927962785341137294568715862493298341675643957812
326579184479138256581426739854613972962785341137942568745261893298354617613897425
326579184479138256581426739854691327263785941917243865745812693198364572632957418
326579184479138256581426739854691372263785941917243865745812693198364527632957418
326579184479138256581426739854713962162985347937642518745261893298354671613897425
326579184479138256581426739854763912162985347937241568745612893298354671613897425
326579184479138256581426739854791362132685947967243518715862493298314675643957821
326579184479138256581426739854791362132685947967243518715862493298354671643917825
326579184479138256581426739854791362132685947967243815715862493298354671643917528
326579184479138256581426739854791362132685947967243815745812693298364571613957428
326579184479138256581426739854791362162385947937264518715842693298613475643957821
326579184479138256581426739854791362162385947937264518715842693298653471643917825
326579184479138256581426739854791362162385947937264518745812693298653471613947825
326579184479138256581426739854791362162385947937264815715842693298653471643917528
326579184479138256581426739854791362162385947937264815745812693298643571613957428
326579184479138256581426739854791362162385947937264815745812693298653471613947528
326579184479138256581426739854792361213685947967314528742851693198263475635947812
326579184479138256581426739854912367263785941917364528742651893198243675635897412
326579184479138256581426739854912367263785941917364825742851693198643572635297418
326579184479138256581426739854912367263785941917643528745261893198354672632897415
326579184479138256581426739854912367263785941917643825742851693198364572635297418
326579184479138256581426739854912367263785941917643825742861593198354672635297418
326579184479138256581426739854961327263785941917243568745612893198354672632897415
326579184479138256581426739854961372263785941917243568745612893198354627632897415
326579184479138256581426739864213975913785642257694318742861593198352467635947821
326579184479138256581426739864213975913785642257964318742651893198342567635897421
326579184479138256581426739864213975932785641157694328715862493298341567643957812
326579184479138256581426739864213975932785641157964328715642893298351467643897512
326579184479138256581426739864291375932785641157643928715862493298314567643957812
326579184479138256581426739864312975913785642257694318742861593198253467635947821
326579184479138256581426739864312975913785642257964318742651893198243567635897421
326579184479138256581426739864791325213685947957243861745812693198364572632957418
326579184479138256581426739864793512132685947957214368715842693298361475643957821
326579184479138256581426739864793512132685947957214368715862493298341675643957821
326579184479138256581426739864793512132685947957241368715862493298314675643957821
326579184479138256581426739864793512132685947957241368715862493298354671643917825
326579184479138256581426739864793512213685947957214368742851693198362475635947821
326579184479138256581426739864793521132685947957214368715842693298361475643957812
326579184479138256581426739864793521132685947957214368715862493298341675643957812
326579184479138256581426739864793521132685947957241368715862493298314675643957812
326579184479138256581426739864793521213685947957214368742851693198362475635947812
326579184479138256581426739864912375913785642257364918742651893198243567635897421
326579184479138256581426739864912375932785641157643928715264893298351467643897512
326579184479138256581426739865794312132685947947213568714852693298361475653947821
326579184479138256581426739865794312213685947947213568752841693198362475634957821
326579184479138256581426739865794312213685947947213568752861493198342675634957821
326579184479138256581426739865794312213685947947312568752841693198263475634957821
326579184479138256581426739865794312213685947947312568752861493198243675634957821
326579184479138256581426739865794321132685947947213568714852693298361475653947812
326579184479138256581426739865794321213685947947213568752841693198362475634957812
326579184479138256581426739865794321213685947947213568752861493198342675634957812
326579184479138256581426739865794321213685947947312568752841693198263475634957812
326579184479138256581426739865794321213685947947312568752861493198243675634957812
326579184479138256581426739914263578263785941857941362745612893198354627632897415
326579184479138256581426739914362875263785941857914362742851693198643527635297418
326579184479138256581426739915243678263785941847961325752614893198352467634897512
326579184479138256581426739915243867263785941847691325754812693198364572632957418
326579184479138256581426739915264378263785941847391562754812693198653427632947815
326579184479138256581426739915264378263785941847913625752641893198352467634897512
326579184479138256581426739915342678263785941847961325752614893198253467634897512
326579184479138256581426739915342867263785941847961325752814693198653472634297518
326579184479138256581426739915364827263785941847291365754812693198643572632957418
326579184479138256581426739915364827263785941847291365754812693198653472632947518
326579184479138256581426739915364827263785941847912365752841693198653472634297518
326579184479138256581426739915364872263785941847291365754812693198643527632957418
326579184479138256581426739915364872263785941847291365754812693198653427632947518
326579184479138256581426739915364872263785941847912365752841693198653427634297518
326579184479138256581426739915642378263785941847913562752861493198354627634297815
326579184479138256581426739915642378263785941847913562754261893198354627632897415
326579184479138256581426739915643827263785941847291365754812693198364572632957418
326579184479138256581426739915643827263785941847912365752861493198354672634297518
326579184479138256581426739915643872263785941847291365754812693198364527632957418
326579184479138256581426739915643872263785941847912365752861493198354627634297518
326579184479138256581426739934712568162985347857643912745261893298354671613897425
326579184479138256581426739934761528162385947857294361715842693298613475643957812
326579184479138256581426739935764812162385947847291365714852693298643571653917428
326579184479138256581426739935764812162385947847291365754812693298643571613957428
326579184479138256581426739935764812162385947847291365754812693298653471613947528
326579184479138256581426739942361578163785942857294361715842693298653417634917825
326579184479138256581426739942361875163785942857294361714852693298643517635917428
326579184479138256581426739942361875163785942857294361715842693298653417634917528
326579184479138256581426739942713568163285947857694312714852693298361475635947821
326579184479138256581426739942713568163285947857694312715842693298361475634957821
326579184479138256581426739942713568163285947857694312715862493298341675634957821
326579184479138256581426739942713568163285947857694321714852693298361475635947812
326579184479138256581426739942713568163285947857694321715842693298361475634957812
326579184479138256581426739942713568163285947857694321715862493298341675634957812
326579184479138256581426739942713568163285947857964312714652893298341675635897421
326579184479138256581426739942713568163285947857964321714652893298341675635897412
326579184479138256581426739942763518163285947857914362714652893298341675635897421
326579184479138256581426739942763518163285947857941362714652893298314675635897421
326579184479138256581426739943761528162385947857294361714852693298613475635947812
326579184479138256581426739943761528162385947857294361715842693298613475634957812
326579184479138256581426739943761528162985347857243961714652893298314675635897412
326579184479138256581426739945213678263785941817694325752861493198342567634957812
326579184479138256581426739945213678263785941817964325752641893198352467634897512
326579184479138256581426739945261378263785941817394562754812693198653427632947815
326579184479138256581426739945261378263785941817943562754612893198354627632897415
326579184479138256581426739945261378263785941817943625752614893198352467634897512
326579184479138256581426739945312678263785941817694325752861493198243567634957812
326579184479138256581426739945312678263785941817964325752641893198253467634897512
326579184479138256581426739945312867263785941817964325752841693198653472634297518
326579184479138256581426739945361827263785941817294365754812693198643572632957418
326579184479138256581426739945361827263785941817294365754812693198653472632947518
326579184479138256581426739945361827263785941817942365752814693198653472634297518
326579184479138256581426739945361872263785941817294365754812693198643527632957418
326579184479138256581426739945361872263785941817294365754812693198653427632947518
326579184479138256581426739945361872263785941817942365752814693198653427634297518
326579184479138256581426739945612378263785941817394625752861493198243567634957812
326579184479138256581426739945612378263785941817943562752861493198354627634297815
326579184479138256581426739945612378263785941817943562754261893198354627632897415
326579184479138256581426739945613827263785941817942365752861493198354672634297518
326579184479138256581426739945613872263785941817942365752861493198354627634297518
326579184479138256581426739945712368132685947867943512754261893298354671613897425
326579184479138256581426739945712368213685947867394512752841693198263475634957821
326579184479138256581426739945712368213685947867394512752861493198243675634957821
326579184479138256581426739945712368213685947867394521752841693198263475634957812
326579184479138256581426739945712368213685947867394521752861493198243675634957812
326579184479138256581426739945712368213685947867943521752861493198354672634297815
326579184479138256581426739945712368213685947867943521754261893198354672632897415
326579184479138256581426739945761328162385947837294561714852693298613475653947812
326579184479138256581426739952364817163785942847291365714852693298643571635917428
326579184479138256581426739952364817163785942847291365715842693298653471634917528
326579184479138256581426739952364871163785942847291365714852693298643517635917428
326579184479138256581426739952364871163785942847291365715842693298653417634917528
326579184479138256581426739952614378163785942847293615714862593298351467635947821
326579184479138256581426739952614378163785942847293615715862493298341567634957821
326579184479138256581426739952641378163785942847293561715862493298354617634917825
326579184479138256581426739952641378163785942847293615715862493298314567634957821
326579184479138256581426739952643817163785942847291365714852693298364571635917428
326579184479138256581426739952643817163785942847291365714862593298354671635917428
326579184479138256581426739952643817163785942847291365715862493298354671634917528
326579184479138256581426739952643871163785942847291365714852693298364517635917428
326579184479138256581426739952643871163785942847291365714862593298354617635917428
326579184479138256581426739952643871163785942847291365715862493298354617634917528
326579184479138256581426739952714368163285947847693512714852693298361475635947821
326579184479138256581426739952714368163285947847693512715842693298361475634957821
326579184479138256581426739952714368163285947847693512715862493298341675634957821
326579184479138256581426739952714368163285947847693521714852693298361475635947812
326579184479138256581426739952714368163285947847693521715842693298361475634957812
326579184479138256581426739952714368163285947847693521715862493298341675634957812
326579184479138256581426739952714368163285947847963512714652893298341675635897421
326579184479138256581426739952714368163285947847963521714652893298341675635897412
326579184479138256581426739952741368163285947847693512715862493298314675634957821
326579184479138256581426739952741368163285947847693512715862493298354671634917825
326579184479138256581426739952741368163285947847693521715862493298314675634957812
326579184479138256581426739952741368163285947847963512714652893298314675635897421
326579184479138256581426739952741368163285947847963521714652893298314675635897412
326579184479138256581426739952764318163285947847391562714852693298613475635947821
326579184479138256581426739952764318163285947847391562715842693298613475634957821
326579184479138256581426739952764318163285947847391562715842693298653471634917825
326579184479138256581426739952764318163285947847913562714652893298341675635897421
326579184479138256581426739953764812162385947847291365714852693298643571635917428
326579184479138256581426739953764812162385947847291365715842693298653471634917528
326579184479138256581426739954213678263785941817694325742861593198352467635947812
326579184479138256581426739954213678263785941817964325742651893198342567635897412
326579184479138256581426739954261378263785941817394562745812693198653427632947815
326579184479138256581426739954261378263785941817943562745612893198354627632897415
326579184479138256581426739954312678263785941817694325742861593198253467635947812
326579184479138256581426739954312678263785941817964325742651893198243567635897412
326579184479138256581426739954312867263785941817964325742851693198643572635297418
326579184479138256581426739954361827263785941817294365745812693198643572632957418
326579184479138256581426739954361827263785941817294365745812693198653472632947518
326579184479138256581426739954361872263785941817294365745812693198643527632957418
326579184479138256581426739954361872263785941817294365745812693198653427632947518
326579184479138256581426739954612378263785941817394625742861593198253467635947812
326579184479138256581426739954612378263785941817943562745261893198354627632897415
326579184479138256581426739954613827263785941817942365742851693198364572635297418
326579184479138256581426739954613827263785941817942365742861593198354672635297418
326579184479138256581426739954613872263785941817942365742851693198364527635297418
326579184479138256581426739954613872263785941817942365742861593198354627635297418
326579184479138256581426739954712368132685947867943512745261893298354671613897425
326579184479138256581426739954712368213685947867394512742851693198263475635947821
326579184479138256581426739954712368213685947867394521742851693198263475635947812
326579184479138256581426739954712368213685947867943521745261893198354672632897415
326579184479138256581426739954761328162385947837294561715842693298613475643957812
326579184479138256581426739964713528132685947857294361715842693298361475643957812
326579184479138256581426739964713528132685947857294361715862493298341675643957812
326579184479138256581426739964713528213685947857294361742851693198362475635947812
326579184479138256581426739964713528213685947857942361745261893198354672632897415
326579184479138256581426739964713825213685947857942361742851693198364572635297418
326579184479138256581426739964713825213685947857942361742861593198354672635297418
326579184479138256581426739965714328132685947847293561714852693298361475653947812
326579184479138256581426739965714328213685947847293561752841693198362475634957812
326579184479138256581426739965714328213685947847293561752861493198342675634957812
326579184479138256581426739965714328213685947847392561752841693198263475634957812
326579184479138256581426739965714328213685947847392561752861493198243675634957812
326579184479138256581426739965741328213685947847293561752814693198362475634957812
326579184479138256581426739965741328213685947847392561752814693198263475634957812
326579184479138256581426739965742318132685947847913562754261893298354671613897425
326579184479138256581426739965742318213685947847391562752814693198263475634957821
326579184479138256581426739965743812132685947847291365714852693298364571653917428
326579184479138256581426739965743812132685947847291365714862593298354671653917428
326579184479138256581426739965743812132685947847291365754812693298364571613957428
326579184479138256581426739965743821213685947847291365754812693198364572632957418
326579184479138256581426739965743821213685947847912365752861493198354672634297518
326579184479138256581462739134296578962785341857314962745821693298653417613947825
326579184479138256581462739134296578962785341857341962715824693298653417643917825
326579184479138256581462739134296875962785341857314962745821693298643517613957428
326579184479138256581462739134296875962785341857314962745821693298653417613947528
326579184479138256581462739134296875962785341857341962715824693298653417643917528
326579184479138256581462739135246978962785341847913562754621893298354617613897425
326579184479138256581462739135294678962785341847613925714826593298351467653947812
326579184479138256581462739135624978962785341847913625714256893298341567653897412
326579184479138256581462739135694872962785341847213965754821693298346517613957428
326579184479138256581462739135694872962785341847213965754821693298356417613947528
326579184479138256581462739135924678962785341847613925714256893298341567653897412
326579184479138256581462739143296578962785341857341962715824693298653417634917825
326579184479138256581462739143296875962785341857341962715824693298653417634917528
326579184479138256581462739145293678962785341837614925714826593298351467653947812
326579184479138256581462739145396872962785341837214965754821693298643517613957428
326579184479138256581462739145396872962785341837214965754821693298653417613947528
326579184479138256581462739145623978932785641867914325714256893298341567653897412
326579184479138256581462739145623978932785641867941325714256893298314567653897412
326579184479138256581462739145623978962785341837914625714256893298341567653897412
326579184479138256581462739145623978962785341837941562754216893298354617613897425
326579184479138256581462739145623978962785341837941625714256893298314567653897412
326579184479138256581462739145693872962785341837214965754821693298346517613957428
326579184479138256581462739145693872962785341837214965754821693298356417613947528
326579184479138256581462739145693872962785341837241965714826593298354617653917428
326579184479138256581462739145923678962785341837614925714256893298341567653897412
326579184479138256581462739145923678962785341837641925714256893298314567653897412
326579184479138256581462739153246978962785341847391562715824693298653417634917825
326579184479138256581462739153246978962785341847913625715624893298351467634897512
326579184479138256581462739153294678962785341847613925714826593298351467635947812
326579184479138256581462739153294678962785341847613925715826493298341567634957812
326579184479138256581462739153624978962785341847913625714256893298341567635897412
326579184479138256581462739153624978962785341847913625715246893298351467634897512
326579184479138256581462739153924678962785341847613925714256893298341567635897412
326579184479138256581462739153924678962785341847613925715246893298351467634897512
326579184479138256581462739154293678962785341837614925715826493298341567643957812
326579184479138256581462739154293678962785341837641925715826493298314567643957812
326579184479138256581462739154396872962785341837214965745821693298643517613957428
326579184479138256581462739154396872962785341837214965745821693298653417613947528
326579184479138256581462739154396872962785341837241965715824693298653417643917528
326579184479138256581462739154623978932785641867914325715246893298351467643897512
326579184479138256581462739154623978962785341837914625715246893298351467643897512
326579184479138256581462739154623978962785341837941562745216893298354617613897425
326579184479138256581462739154693872962785341837214965745821693298346517613957428
326579184479138256581462739154693872962785341837214965745821693298356417613947528
326579184479138256581462739154693872962785341837241965715824693298356417643917528
326579184479138256581462739154693872962785341837241965715826493298354617643917528
326579184479138256581462739154923678962785341837614925715246893298351467643897512
326579184479138256581462739165294378932785641847613925714826593298351467653947812
326579184479138256581462739165924378932785641847613925714256893298341567653897412
326579184479138256581462739245316978913785642867924315752641893198253467634897521
326579184479138256581462739245691378913785642867243915752816493198324567634957821
326579184479138256581462739245691378913785642867324915752816493198243567634957821
326579184479138256581462739245916378913785642867324915752641893198253467634897521
326579184479138256581462739254316978913785642867924315742651893198243567635897421
326579184479138256581462739254691378913785642867324915742816593198253467635947821
326579184479138256581462739254916378913785642867243915742651893198324567635897421
326579184479138256581462739254916378913785642867324915742651893198243567635897421
326579184479138256581462739265314978913785642847926315752641893198253467634897521
326579184479138256581462739265341978913785642847926315752614893198253467634897521
326579184479138256581462739265914378913785642847326915752641893198253467634897521
326579184479138256581462739265941378913785642847326915752614893198253467634897521
326579184479138256581462739814293567263785941957614328742851693198326475635947812
326579184479138256581462739814293567263785941957614328745821693198356472632947815
326579184479138256581462739814296375263785941957314862742851693198643527635927418
326579184479138256581462739814296375263785941957314862745821693198643527632957418
326579184479138256581462739814296375263785941957314862745821693198653427632947518
326579184479138256581462739814396527263785941957214368742851693198623475635947812
326579184479138256581462739814396527263785941957214368745821693198653472632947815
326579184479138256581462739814396572263785941957214368745821693198653427632947815
326579184479138256581462739814693527263785941957214368742851693198326475635947812
326579184479138256581462739814693527263785941957214368745821693198356472632947815
326579184479138256581462739814693572263785941957214368745821693198356427632947815
326579184479138256581462739814923567263785941957641328745216893198354672632897415
