Answer count:48
532178694761349528489526713945213867823467951176895342257931486394682175618754239
532178694761349528489526713945263871823417965176895342257931486394682157618754239
532178694761349528984526713495213867823467951176895342257931486349682175618754239
532178694761349528984526713495263871823417965176895342257931486349682157618754239
532178964761349528489526713945263871823417695176895342257931486394682157618754239
532178964761349528489526731945263817823417659176895342257931486394682175618754293
532178964761349528984526713495263871823417695176895342257931486349682157618754239
532178964761349528984526731495263817823417659176895342257931486349682175618754293
538172694761349528249586713495213867823467951176895342357921486982634175614758239
538172694761349528249586713495263871823417965176895342357921486982634157614758239
538172694761349528294586713645293871823417965179865342357921486982634157416758239
538172694761349528294586713645923871823417965179865342357291486982634157416758239
538172694761349528294586713645923871823417965179865342957231486382694157416758239
538172694761349528492586713945213867823467951176895342257931486389624175614758239
538172694761349528492586713945213867823467951176895342357921486289634175614758239
538172694761349528492586713945263871823417965176895342257931486389624157614758239
538172694761349528492586713945263871823417965176895342357921486289634157614758239
538172694761349528942586713495213867823467951176895342257931486389624175614758239
538172694761349528942586713495213867823467951176895342357921486289634175614758239
538172694761349528942586713495263871823417965176895342257931486389624157614758239
538172694761349528942586713495263871823417965176895342357921486289634157614758239
538172694761849523249536718495213867823467951176985342957321486382694175614758239
538172694761849523249536718495263871823417965176985342957321486382694157614758239
538172694761849523492536718945213867823467951176985342257391486389624175614758239
538172694761849523492536718945263871823417965176985342257391486389624157614758239
538172694761849523942536718495213867823467951176985342257391486389624175614758239
538172694761849523942536718495263871823417965176985342257391486389624157614758239
538172964761349528249586713495263871823417695176895342357921486982634157614758239
538172964761349528249586731495263817823417659176895342357921486982634175614758293
538172964761349528294586713645213897823497651179865342357921486982634175416758239
538172964761349528294586713645293871823417695179865342357921486982634157416758239
538172964761349528294586713645923871823417695179865342357291486982634157416758239
538172964761349528294586713645923871823417695179865342957231486382694157416758239
538172964761349528294586731645213879823497615179865342357921486982634157416758293
538172964761349528294586731645293817823417659179865342357921486982634175416758293
538172964761349528294586731645923817823417659179865342357291486982634175416758293
538172964761349528294586731645923817823417659179865342957231486382694175416758293
538172964761349528492586713945263871823417695176895342257931486389624157614758239
538172964761349528492586713945263871823417695176895342357921486289634157614758239
538172964761349528492586731945263817823417659176895342257931486389624175614758293
538172964761349528492586731945263817823417659176895342357921486289634175614758293
538172964761349528942586713495263871823417695176895342257931486389624157614758239
538172964761349528942586713495263871823417695176895342357921486289634157614758239
538172964761349528942586731495263817823417659176895342257931486389624175614758293
538172964761349528942586731495263817823417659176895342357921486289634175614758293
538172964761849523249536718495263871823417695176985342957321486382694157614758239
538172964761849523492536718945263871823417695176985342257391486389624157614758239
538172964761849523942536718495263871823417695176985342257391486389624157614758239